3461 2018 ZA -30.7625 21.4205
4061 37197 SD 15.5875 32.5305
4096 37197 SD 15.0005 30.0015
4518 2018 ZA -33.3085 26.5175
13100 36914 KE -0.1125 34.7475
13114 36914 KE -1.2205 36.8775
13218 36914 KE -1.2785 36.8175
13711 2018 ZA -33.9125 18.6075
13721 37054 MG -18.7725 46.8685
13811 2018 ZA -33.9325 18.8675
14539 327687 UG 1.0015 31.9985
14712 37054 MG -18.9415 47.5175
14893 37197 SD 15.6085 32.5415
14900 327687 UG 0.3275 32.5675
16964 2018 ZA -33.9805 18.4005
18114 36982 ZA -33.9605 18.4575
18169 37520 ZA -33.3085 26.5205
19592 37054 MG -18.9115 47.5315
19984 37054 MG -18.9105 47.5315
